PMprom
1300000